hehan:
  orientation_w: -0.15982306055784956
  orientation_x: 0.0
  orientation_y: 0.0
  orientation_z: 0.9871456778580971
  timestamp: 1743166125.544852
  x: 0.2499688634493875
  y: 1.1788719130963259
  z: 0.13799999999999998
!!python/str "\u6C5F\u82CF":
  orientation_w: -0.15982306055784956
  orientation_x: 0.0
  orientation_y: 0.0
  orientation_z: 0.9871456778580971
  timestamp: 1743166134.054366
  x: 0.2499688634493875
  y: 1.1788719130963259
  z: 0.13799999999999998
